1525,0.3,0,90621.22
1525,0.38,0,94523.14
1525,0.46,0,99615.7
1525,0.53,0,106147.64
1525,0.61,0,114204.87
2688.89,0.3,0,78394.74
2688.89,0.38,0,81774.54
2688.89,0.46,0,86188.24
2688.89,0.53,0,91838.4
2688.89,0.61,0,98799.52
3852.78,0.3,0,67550.41
3852.78,0.38,0,70463.07
3852.78,0.46,0,74322.67
3852.78,0.53,0,79202.34
3852.78,0.61,0,85111.63
5016.67,0.3,0,57948.64
5016.67,0.38,0,60446.97
5016.67,0.46,0,63751.66
5016.67,0.53,0,67889.47
5016.67,0.61,0,73013.75
6180.56,0.3,0,49482.65
6180.56,0.38,0,51618.46
6180.56,0.46,0,54435.74
6180.56,0.53,0,57972.68
6180.56,0.61,0,62355.48
7344.44,0.3,0,42116.07
7344.44,0.38,0,43970.38
7344.44,0.46,0,46372.27
7344.44,0.53,0,49460.79
7344.44,0.61,0,53072.39
8508.33,0.3,0,35602.82
8508.33,0.38,0,37171.94
8508.33,0.46,0,39201.46
8508.33,0.53,0,41815
8508.33,0.61,0,44877.89
9672.22,0.3,0,29929.38
9672.22,0.38,0,31249.87
9672.22,0.46,0,32959.73
9672.22,0.53,0,35153.65
9672.22,0.61,0,37727.75
10836.11,0.3,0,25011.28
10836.11,0.38,0,26115.05
10836.11,0.46,0,27545.89
10836.11,0.53,0,29383.67
10836.11,0.61,0,31530.66
12000,0.3,0,20819.46
12000,0.38,0,21738.55
12000,0.46,0,22930.39
12000,0.53,0,24460.51
12000,0.61,0,26260.97
1525,0.34,0,92439.33
1525,0.42,0,96909.97
1525,0.49,0,102776.35
1525,0.57,0,110073.73
1525,0.65,0,118619.83
2688.89,0.34,0,79973.16
2688.89,0.42,0,83845.43
2688.89,0.49,0,88915.06
2688.89,0.57,0,95230.54
2688.89,0.65,0,102627.9
3852.78,0.34,0,68905.88
3852.78,0.42,0,72245.38
3852.78,0.49,0,76612.22
3852.78,0.57,0,82048.19
3852.78,0.65,0,88440.82
5016.67,0.34,0,59113.79
5016.67,0.42,0,61979.12
5016.67,0.49,0,65725.84
5016.67,0.57,0,70396.57
5016.67,0.65,0,75891.75
6180.56,0.34,0,50477.15
6180.56,0.42,0,52924.17
6180.56,0.49,0,56111.94
6180.56,0.57,0,60115.79
6180.56,0.65,0,64834.12
7344.44,0.34,0,42981.47
7344.44,0.42,0,45097.11
7344.44,0.49,0,47821.04
7344.44,0.57,0,51137.46
7344.44,0.65,0,55241.39
8508.33,0.34,0,36334.93
8508.33,0.42,0,38124.2
8508.33,0.49,0,40425.79
8508.33,0.57,0,43231.28
8508.33,0.65,0,46708.48
9672.22,0.34,0,30545.64
9672.22,0.42,0,32051.19
9672.22,0.49,0,33989.35
9672.22,0.57,0,36349.3
9672.22,0.65,0,39263.27
10836.11,0.34,0,25525.75
10836.11,0.42,0,26785.94
10836.11,0.49,0,28406.96
10836.11,0.57,0,30380.48
10836.11,0.65,0,32818.77
12000,0.34,0,21248.69
12000,0.42,0,22297.42
12000,0.49,0,23648.3
12000,0.57,0,25291.44
12000,0.65,0,27333.92
1525,0.3,0.25,89767.60725
1525,0.34,0.25,91378.56361
1525,0.38,0.25,93271.9028
1525,0.42,0.25,95396.61214
1525,0.46,0.25,97784.39323
1525,0.49,0.25,99802.33357
1525,0.53,0.25,102787.4621
1525,0.57,0.25,106135.7199
1525,0.61,0.25,109841.4586
1525,0.65,0.25,113783.9939
2688.89,0.3,0.25,77658.05891
2688.89,0.34,0.25,79052.76845
2688.89,0.38,0.25,80669.09116
2688.89,0.42,0.25,82513.0146
2688.89,0.46,0.25,84598.96777
2688.89,0.49,0.25,86350.78929
2688.89,0.53,0.25,88923.01256
2688.89,0.57,0.25,91839.73798
2688.89,0.61,0.25,95027.41331
2688.89,0.65,0.25,98481.8778
3852.78,0.3,0.25,66907.1749
3852.78,0.34,0.25,68110.00938
3852.78,0.38,0.25,69498.2698
3852.78,0.42,0.25,71086.4549
3852.78,0.46,0.25,72879.06487
3852.78,0.49,0.25,74407.95557
3852.78,0.53,0.25,76630.59644
3852.78,0.57,0.25,79123.28781
3852.78,0.61,0.25,81884.11561
3852.78,0.65,0.25,84871.17323
5016.67,0.3,0.25,57394.31708
5016.67,0.34,0.25,58428.0816
5016.67,0.38,0.25,59621.55115
5016.67,0.42,0.25,60976.46496
5016.67,0.46,0.25,62519.06534
5016.67,0.49,0.25,63816.04739
5016.67,0.53,0.25,65741.68162
5016.67,0.57,0.25,67873.56637
5016.67,0.61,0.25,70227.39975
5016.67,0.65,0.25,72816.20473
6180.56,0.3,0.25,49010.7004
6180.56,0.34,0.25,49894.49806
6180.56,0.38,0.25,50908.17681
6180.56,0.42,0.25,52065.93104
6180.56,0.46,0.25,53381.14425
6180.56,0.49,0.25,54490.38421
6180.56,0.53,0.25,56129.57293
6180.56,0.57,0.25,57971.8725
6180.56,0.61,0.25,59977.275
6180.56,0.65,0.25,62183.97851
7344.44,0.3,0.25,41644.91482
7344.44,0.34,0.25,42399.19491
7344.44,0.38,0.25,43260.42161
7344.44,0.42,0.25,44244.20979
7344.44,0.46,0.25,45361.22137
7344.44,0.49,0.25,46302.25912
7344.44,0.53,0.25,47683.9072
7344.44,0.57,0.25,49251.73476
7344.44,0.61,0.25,50966.09571
7344.44,0.65,0.25,52852.20289
8508.33,0.3,0.25,35201.73313
8508.33,0.34,0.25,35838.9911
8508.33,0.38,0.25,36570.34978
8508.33,0.42,0.25,37407.8859
8508.33,0.46,0.25,38348.54161
8508.33,0.49,0.25,39145.1848
8508.33,0.53,0.25,40313.22352
8508.33,0.57,0.25,41627.60194
8508.33,0.61,0.25,43090.77776
8508.33,0.65,0.25,44690.23468
9672.22,0.3,0.25,29591.26901
9672.22,0.34,0.25,30126.58774
9672.22,0.38,0.25,30742.14021
9672.22,0.42,0.25,31443.15497
9672.22,0.46,0.25,32247.562
9672.22,0.49,0.25,32912.4628
9672.22,0.53,0.25,33895.36629
9672.22,0.57,0.25,35000.31139
9672.22,0.61,0.25,36221.3436
9672.22,0.65,0.25,37561.36654
10836.11,0.3,0.25,24727.41228
10836.11,0.34,0.25,25173.8049
10836.11,0.38,0.25,25687.45826
10836.11,0.42,0.25,26274.94427
10836.11,0.46,0.25,26944.11377
10836.11,0.49,0.25,27501.78086
10836.11,0.53,0.25,28329.52269
10836.11,0.57,0.25,29252.93988
10836.11,0.61,0.25,30264.97937
10836.11,0.65,0.25,31387.12074
12000,0.3,0.25,20582.52169
12000,0.34,0.25,20952.67995
12000,0.38,0.25,21381.3333
12000,0.42,0.25,21867.76952
12000,0.46,0.25,22430.16769
12000,0.49,0.25,22894.84519
12000,0.53,0.25,23579.29367
12000,0.57,0.25,24350.09615
12000,0.61,0.25,25202.20817
12000,0.65,0.25,26135.61122
1525,0.3,0.5,89037.19096
1525,0.34,0.5,90454.17897
1525,0.38,0.5,92086.06549
1525,0.42,0.5,93953.83828
1525,0.46,0.5,96088.39671
1525,0.49,0.5,97851.7814
1525,0.53,0.5,100549.4585
1525,0.57,0.5,103519.3786
1525,0.61,0.5,106962.8864
1525,0.65,0.5,110594.2564
2688.89,0.3,0.5,77032.19116
2688.89,0.34,0.5,78254.58271
2688.89,0.38,0.5,79671.48173
2688.89,0.42,0.5,81290.55621
2688.89,0.46,0.5,83128.31217
2688.89,0.49,0.5,84688.40391
2688.89,0.53,0.5,86993.90398
2688.89,0.57,0.5,89560.35921
2688.89,0.61,0.5,92529.494
2688.89,0.65,0.5,95696.32096
3852.78,0.3,0.5,66372.74962
3852.78,0.34,0.5,67424.00546
3852.78,0.38,0.5,68639.53745
3852.78,0.42,0.5,70032.91205
3852.78,0.46,0.5,71619.39358
3852.78,0.49,0.5,72961.79996
3852.78,0.53,0.5,74949.01613
3852.78,0.57,0.5,77157.89915
3852.78,0.61,0.5,79729.68008
3852.78,0.65,0.5,82464.29161
5016.67,0.3,0.5,56939.06065
5016.67,0.34,0.5,57844.10375
5016.67,0.38,0.5,58881.74993
5016.67,0.42,0.5,60076.29203
5016.67,0.46,0.5,61430.48102
5016.67,0.49,0.5,62578.86009
5016.67,0.53,0.5,64278.62768
5016.67,0.57,0.5,66198.7387
5016.67,0.61,0.5,68390.1118
5016.67,0.65,0.5,70753.13795
6180.56,0.3,0.5,48618.02925
6180.56,0.34,0.5,49390.18126
6180.56,0.38,0.5,50282.22004
6180.56,0.42,0.5,51308.20085
6180.56,0.46,0.5,52472.40833
6180.56,0.49,0.5,53451.27922
6180.56,0.53,0.5,54884.47781
6180.56,0.57,0.5,56522.80592
6180.56,0.61,0.5,58409.15527
6180.56,0.65,0.5,60421.02806
7344.44,0.3,0.5,41312.16395
7344.44,0.34,0.5,41970.83802
7344.44,0.38,0.5,42727.24108
7344.44,0.42,0.5,43596.94403
7344.44,0.46,0.5,44591.5385
7344.44,0.49,0.5,45421.45421
7344.44,0.53,0.5,46644.17445
7344.44,0.57,0.5,48036.6729
7344.44,0.61,0.5,49640.96022
7344.44,0.65,0.5,51342.89423
8508.33,0.3,0.5,34921.91644
8508.33,0.34,0.5,35478.64649
8508.33,0.38,0.5,36120.3126
8508.33,0.42,0.5,36855.61969
8508.33,0.46,0.5,37695.38762
8508.33,0.49,0.5,38396.0873
8508.33,0.53,0.5,39428.93969
8508.33,0.57,0.5,40614.16854
8508.33,0.61,0.5,41968.52476
8508.33,0.65,0.5,43401.25882
9672.22,0.3,0.5,29357.73883
9672.22,0.34,0.5,29826.39115
9672.22,0.38,0.5,30366.73281
9672.22,0.42,0.5,30983.28345
9672.22,0.46,0.5,31688.81717
9672.22,0.49,0.5,32277.7813
9672.22,0.53,0.5,33148.56829
9672.22,0.57,0.5,34139.17406
9672.22,0.61,0.5,35275.1923
9672.22,0.65,0.5,36486.80473
10836.11,0.3,0.5,24534.49993
10836.11,0.34,0.5,24924.45326
10836.11,0.38,0.5,25376.07055
10836.11,0.42,0.5,25892.52667
10836.11,0.46,0.5,26483.69262
10836.11,0.49,0.5,26975.52539
10836.11,0.53,0.5,27699.80718
10836.11,0.57,0.5,28530.63774
10836.11,0.61,0.5,29482.05184
10836.11,0.65,0.5,30488.91551
12000,0.3,0.5,20422.39482
12000,0.34,0.5,20747.86179
12000,0.38,0.5,21123.19718
12000,0.42,0.5,21553.66941
12000,0.46,0.5,22045.23455
12000,0.49,0.5,22454.19053
12000,0.53,0.5,23058.98236
12000,0.57,0.5,23752.06236
12000,0.61,0.5,24544.0446
12000,0.65,0.5,25381.24879
1525,0.3,0.75,88664.57
1525,0.38,0.75,91360.32
1525,0.46,0.75,94827.2
1525,0.53,0.75,99229.05
1525,0.61,0.75,104812.66
2688.89,0.3,0.75,76716.15
2688.89,0.38,0.75,79039.25
2688.89,0.46,0.75,82058.61
2688.89,0.53,0.75,85881.13
2688.89,0.61,0.75,90708.13
3852.78,0.3,0.75,66106.89
3852.78,0.38,0.75,68106.78
3852.78,0.46,0.75,70706.26
3852.78,0.53,0.75,74026.66
3852.78,0.61,0.75,78154.6
5016.67,0.3,0.75,56710.93
5016.67,0.38,0.75,58441.25
5016.67,0.46,0.75,60663.89
5016.67,0.53,0.75,63485.86
5016.67,0.61,0.75,67072.49
6180.56,0.3,0.75,48437.31
6180.56,0.38,0.75,49906.39
6180.56,0.46,0.75,51815.3
6180.56,0.53,0.75,54227.59
6180.56,0.61,0.75,57246.99
7344.44,0.3,0.75,41143.27
7344.44,0.38,0.75,42395.9
7344.44,0.46,0.75,44019.63
7344.44,0.53,0.75,46101.11
7344.44,0.61,0.75,48713.06
8508.33,0.3,0.75,34779.85
8508.33,0.38,0.75,35847.13
8508.33,0.46,0.75,37231.65
8508.33,0.53,0.75,38978.29
8508.33,0.61,0.75,41196.01
9672.22,0.3,0.75,29246.12
9672.22,0.38,0.75,30134.39
9672.22,0.46,0.75,31297.55
9672.22,0.53,0.75,32783.13
9672.22,0.61,0.75,34167.98
10836.11,0.3,0.75,24444.78
10836.11,0.38,0.75,25187.25
10836.11,0.46,0.75,26158.33
10836.11,0.53,0.75,27389.7
10836.11,0.61,0.75,28931.2
12000,0.3,0.75,20347.91
12000,0.38,0.75,20973.36
12000,0.46,0.75,21777.83
12000,0.53,0.75,22789.81
12000,0.61,0.75,24089.87
1525,0.34,0.75,89933.59
1525,0.42,0.75,93003.71
1525,0.49,0.75,96893.94
1525,0.57,0.75,101881.55
1525,0.65,0.75,108064.37
2688.89,0.34,0.75,77805.59
2688.89,0.42,0.75,80468.61
2688.89,0.49,0.75,83855.48
2688.89,0.57,0.75,88165.12
2688.89,0.65,0.75,93514.06
3852.78,0.34,0.75,67041.02
3852.78,0.42,0.75,69331.87
3852.78,0.49,0.75,72256.99
3852.78,0.57,0.75,75975.01
3852.78,0.65,0.75,80600.36
5016.67,0.34,0.75,57515.53
5016.67,0.42,0.75,59488.28
5016.67,0.49,0.75,62009.01
5016.67,0.57,0.75,65202.11
5016.67,0.65,0.75,69167.99
6180.56,0.34,0.75,49118.7
6180.56,0.42,0.75,50806.16
6180.56,0.49,0.75,52939.59
6180.56,0.57,0.75,55675.49
6180.56,0.65,0.75,59082.48
7344.44,0.34,0.75,41724.15
7344.44,0.42,0.75,43152.87
7344.44,0.49,0.75,44005.27
7344.44,0.57,0.75,47342.4
7344.44,0.65,0.75,50256.67
8508.33,0.34,0.75,35275.6
8508.33,0.42,0.75,36502.45
8508.33,0.49,0.75,38054.78
8508.33,0.57,0.75,40009.84
8508.33,0.65,0.75,42459.16
9672.22,0.34,0.75,29656.14
9672.22,0.42,0.75,30681.14
9672.22,0.49,0.75,31996.03
9672.22,0.57,0.75,33661.03
9672.22,0.65,0.75,35683.36
10836.11,0.34,0.75,24791.58
10836.11,0.42,0.75,25647.29
10836.11,0.49,0.75,26736.77
10836.11,0.57,0.75,28121.12
10836.11,0.65,0.75,29826.37
12000,0.34,0.75,20642.56
12000,0.42,0.75,21352.4
12000,0.49,0.75,22253.02
12000,0.57,0.75,23402.27
12000,0.65,0.75,24832.15
1525,0.3,0.8,88530
1525,0.38,0.8,91140
1525,0.46,0.8,94500
1525,0.53,0.8,98780
1525,0.61,0.8,104300
2688.89,0.3,0.8,76670
2688.89,0.38,0.8,78970
2688.89,0.46,0.8,81940
2688.89,0.53,0.8,85690
2688.89,0.61,0.8,90620
3852.78,0.3,0.8,66080
3852.78,0.38,0.8,68060
3852.78,0.46,0.8,70620
3852.78,0.53,0.8,73880
3852.78,0.61,0.8,78100
5016.67,0.3,0.8,56700
5016.67,0.38,0.8,58400
5016.67,0.46,0.8,60630
5016.67,0.53,0.8,63410
5016.67,0.61,0.8,67060
6180.56,0.3,0.8,48430
6180.56,0.38,0.8,49890
6180.56,0.46,0.8,51790
6180.56,0.53,0.8,54200
6180.56,0.61,0.8,57330
7344.44,0.3,0.8,41062.2
7344.44,0.38,0.8,42278.95
7344.44,0.46,0.8,43851.12
7344.44,0.53,0.8,45849.99
7344.44,0.61,0.8,48375.7
8508.33,0.3,0.8,34713.12
8508.33,0.38,0.8,35736.94
8508.33,0.46,0.8,37064.51
8508.33,0.53,0.8,38768.51
8508.33,0.61,0.8,40907.51
9672.22,0.3,0.8,29183.74
9672.22,0.38,0.8,30049.4
9672.22,0.46,0.8,31164.68
9672.22,0.53,0.8,32582.64
9672.22,0.61,0.8,34410.36
10836.11,0.3,0.8,24388.76
10836.11,0.38,0.8,25111.4
10836.11,0.46,0.8,26052.1
10836.11,0.53,0.8,27232.25
10836.11,0.61,0.8,28761.7
12000,0.3,0.8,20300.85
12000,0.38,0.8,20903.77
12000,0.46,0.8,21684.1
12000,0.53,0.8,22681.88
12000,0.61,0.8,23937.07
1525,0.34,0.8,89740
1525,0.42,0.8,92710
1525,0.49,0.8,96520
1525,0.57,0.8,101300
1525,0.65,0.8,107500
2688.89,0.34,0.8,77740
2688.89,0.42,0.8,80350
2688.89,0.49,0.8,83710
2688.89,0.57,0.8,87990
2688.89,0.65,0.8,93420
3852.78,0.34,0.8,66990
3852.78,0.42,0.8,69250
3852.78,0.49,0.8,72160
3852.78,0.57,0.8,75860
3852.78,0.65,0.8,80600
5016.67,0.34,0.8,57490
5016.67,0.42,0.8,59430
5016.67,0.49,0.8,61930
5016.67,0.57,0.8,65120
5016.67,0.65,0.8,69160
6180.56,0.34,0.8,49120
6180.56,0.42,0.8,50780
6180.56,0.49,0.8,52910
6180.56,0.57,0.8,55650
6180.56,0.65,0.8,59180
7344.44,0.34,0.8,41627.38
7344.44,0.42,0.8,43027.75
7344.44,0.49,0.8,44780.74
7344.44,0.57,0.8,47015.04
7344.44,0.65,0.8,49901.87
8508.33,0.34,0.8,35190.32
8508.33,0.42,0.8,36366.73
8508.33,0.49,0.8,37858.81
8508.33,0.57,0.8,39754.18
8508.33,0.65,0.8,42184.52
9672.22,0.34,0.8,29583.19
9672.22,0.42,0.8,30573.48
9672.22,0.49,0.8,31833.94
9672.22,0.57,0.8,33439.8
9672.22,0.65,0.8,35486.32
10836.11,0.34,0.8,24723.61
10836.11,0.42,0.8,25553.19
10836.11,0.49,0.8,26609.67
10836.11,0.57,0.8,27947.4
10836.11,0.65,0.8,29653.64
12000,0.34,0.8,20581.74
12000,0.42,0.8,21270.72
12000,0.49,0.8,22153.57
12000,0.57,0.8,23270.02
12000,0.65,0.8,24690.35
1525,0.3,0.85,88516.02
1525,0.38,0.85,91183.93
1525,0.46,0.85,94632.33
1525,0.53,0.85,99081.33
1525,0.61,0.85,104641.76
2688.89,0.3,0.85,76568.55
2688.89,0.38,0.85,77877.86
2688.89,0.46,0.85,81858.6
2688.89,0.53,0.85,85716.05
2688.89,0.61,0.85,90534.74
3852.78,0.3,0.85,65970.92
3852.78,0.38,0.85,67950.85
3852.78,0.46,0.85,70540.38
3852.78,0.53,0.85,73846.37
3852.78,0.61,0.85,78017.16
5016.67,0.3,0.85,56593.2
5016.67,0.38,0.85,58280.85
5016.67,0.46,0.85,60504.89
5016.67,0.53,0.85,63343.57
5016.67,0.61,0.85,66943.78
6180.56,0.3,0.85,48329.4
6180.56,0.38,0.85,49771.62
6180.56,0.46,0.85,51660.78
6180.56,0.53,0.85,54065.9
6180.56,0.61,0.85,57143.52
7344.44,0.3,0.85,41062.97
7344.44,0.38,0.85,42283.59
7344.44,0.46,0.85,43879.93
7344.44,0.53,0.85,45916.83
7344.44,0.61,0.85,48550
8508.33,0.3,0.85,34716.08
8508.33,0.38,0.85,35747.88
8508.33,0.46,0.85,37092.48
8508.33,0.53,0.85,38819.45
8508.33,0.61,0.85,41033.74
9672.22,0.3,0.85,29184.04
9672.22,0.38,0.85,30045.22
9672.22,0.46,0.85,31179.4
9672.22,0.53,0.85,32663.3
9672.22,0.61,0.85,34501.21
10836.11,0.3,0.85,24395.66
10836.11,0.38,0.85,25125.32
10836.11,0.46,0.85,26085.56
10836.11,0.53,0.85,27356.99
10836.11,0.61,0.85,29067.58
12000,0.3,0.85,20303.59
12000,0.38,0.85,20908.71
12000,0.46,0.85,21693.39
12000,0.53,0.85,22704.84
12000,0.61,0.85,24012.76
1525,0.34,0.85,89751
1525,0.42,0.85,92800.73
1525,0.49,0.85,96697.75
1525,0.57,0.85,101700.99
1525,0.65,0.85,107897.72
2688.89,0.34,0.85,77642.18
2688.89,0.42,0.85,80274.19
2688.89,0.49,0.85,83654.46
2688.89,0.57,0.85,88014.17
2688.89,0.65,0.85,93401
3852.78,0.34,0.85,66882.24
3852.78,0.42,0.85,69162.69
3852.78,0.49,0.85,72077.38
3852.78,0.57,0.85,75778.71
3852.78,0.65,0.85,80468.42
5016.67,0.34,0.85,57374.72
5016.67,0.42,0.85,59326.89
5016.67,0.49,0.85,61832.04
5016.67,0.57,0.85,65021.83
5016.67,0.65,0.85,69053.38
6180.56,0.34,0.85,48993.67
6180.56,0.42,0.85,50646.57
6180.56,0.49,0.85,52792.86
6180.56,0.57,0.85,55559.59
6180.56,0.65,0.85,58961.12
7344.44,0.34,0.85,41629.33
7344.44,0.42,0.85,43026.61
7344.44,0.49,0.85,44480.99
7344.44,0.57,0.85,47163.38
7344.44,0.65,0.85,50080.04
8508.33,0.34,0.85,35190.93
8508.33,0.42,0.85,36372.13
8508.33,0.49,0.85,37904.96
8508.33,0.57,0.85,39850.38
8508.33,0.65,0.85,42360.21
9672.22,0.34,0.85,29586.75
9672.22,0.42,0.85,30576.11
9672.22,0.49,0.85,31859.53
9672.22,0.57,0.85,33501.62
9672.22,0.65,0.85,35872.9
10836.11,0.34,0.85,24734.98
10836.11,0.42,0.85,25574.83
10836.11,0.49,0.85,26673.7
10836.11,0.57,0.85,28141.66
10836.11,0.65,0.85,29994.86
12000,0.34,0.85,20584.41
12000,0.42,0.85,21278.07
12000,0.49,0.85,22170.49
12000,0.57,0.85,23328.84
12000,0.65,0.85,24767.44
1525,0.3,0.9,88324.67
1525,0.38,0.9,90757.36
1525,0.46,0.9,93916.64
1525,0.53,0.9,98108.75
1525,0.61,0.9,103405.07
2688.89,0.3,0.9,76414.3
2688.89,0.38,0.9,78568.24
2688.89,0.46,0.9,81310.98
2688.89,0.53,0.9,84849.28
2688.89,0.61,0.9,89474.27
3852.78,0.3,0.9,65835.8
3852.78,0.38,0.9,67694.26
3852.78,0.46,0.9,70102.17
3852.78,0.53,0.9,73120.99
3852.78,0.61,0.9,77102.98
5016.67,0.3,0.9,56485.26
5016.67,0.38,0.9,58065.78
5016.67,0.46,0.9,60138.42
5016.67,0.53,0.9,62763.93
5016.67,0.61,0.9,66149.7
6180.56,0.3,0.9,48233.35
6180.56,0.38,0.9,49593.04
6180.56,0.46,0.9,51358.66
6180.56,0.53,0.9,53603.67
6180.56,0.61,0.9,56466.26
7344.44,0.3,0.9,40966.14
7344.44,0.38,0.9,42106.09
7344.44,0.46,0.9,43587.33
7344.44,0.53,0.9,45479.28
7344.44,0.61,0.9,47864.98
8508.33,0.3,0.9,34634.76
8508.33,0.38,0.9,35598.64
8508.33,0.46,0.9,36854.5
8508.33,0.53,0.9,38458.06
8508.33,0.61,0.9,40471.76
9672.22,0.3,0.9,29117.69
9672.22,0.38,0.9,29930.49
9672.22,0.46,0.9,30985.94
9672.22,0.53,0.9,32340.59
9672.22,0.61,0.9,34032.33
10836.11,0.3,0.9,24337.75
10836.11,0.38,0.9,25016.54
10836.11,0.46,0.9,25898.98
10836.11,0.53,0.9,27024.85
10836.11,0.61,0.9,28449.95
12000,0.3,0.9,20262.54
12000,0.38,0.9,20831.78
12000,0.46,0.9,21564.21
12000,0.53,0.9,22505.94
12000,0.61,0.9,23699.17
1525,0.34,0.9,89450.61
1525,0.42,0.9,92233.48
1525,0.49,0.9,95927.63
1525,0.57,0.9,100637.07
1525,0.65,0.9,106334.69
2688.89,0.34,0.9,77420.52
2688.89,0.42,0.9,79843.04
2688.89,0.49,0.9,82951.06
2688.89,0.57,0.9,87104.79
2688.89,0.65,0.9,92078.9
3852.78,0.34,0.9,66703.85
3852.78,0.42,0.9,68820.49
3852.78,0.49,0.9,71524.5
3852.78,0.57,0.9,75023.45
3852.78,0.65,0.9,79287.55
5016.67,0.34,0.9,57224
5016.67,0.42,0.9,59034.97
5016.67,0.49,0.9,61367.76
5016.67,0.57,0.9,64386.37
5016.67,0.65,0.9,68058.67
6180.56,0.34,0.9,48868.42
6180.56,0.42,0.9,50420.4
6180.56,0.49,0.9,52414.35
6180.56,0.57,0.9,54967.63
6180.56,0.65,0.9,58106.12
7344.44,0.34,0.9,41497.52
7344.44,0.42,0.9,42801.56
7344.44,0.49,0.9,44479.56
7344.44,0.57,0.9,46619.23
7344.44,0.65,0.9,49242.64
8508.33,0.34,0.9,35082.8
8508.33,0.42,0.9,36188.14
8508.33,0.49,0.9,37613.96
8508.33,0.57,0.9,39419.54
8508.33,0.65,0.9,41643.3
9672.22,0.34,0.9,29496.44
9672.22,0.42,0.9,30424.76
9672.22,0.49,0.9,31620.15
9672.22,0.57,0.9,33139.56
9672.22,0.65,0.9,35022.73
10836.11,0.34,0.9,24654.65
10836.11,0.42,0.9,25431.29
10836.11,0.49,0.9,26436.54
10836.11,0.57,0.9,27695.79
10836.11,0.65,0.9,29286.95
12000,0.34,0.9,20529
12000,0.42,0.9,21175.55
12000,0.49,0.9,22008.05
12000,0.57,0.9,23071.72
12000,0.65,0.9,24386.55
1525,0.3,0.95,88692.96
1525,0.38,0.95,91284.46
1525,0.46,0.95,94986.33
1525,0.53,0.95,100466.32
1525,0.61,0.95,108730.04
2688.89,0.3,0.95,76709.16
2688.89,0.38,0.95,78868.9
2688.89,0.46,0.95,82408.67
2688.89,0.53,0.95,86997.51
2688.89,0.61,0.95,93574.79
3852.78,0.3,0.95,66153.9
3852.78,0.38,0.95,68039.49
3852.78,0.46,0.95,70850.74
3852.78,0.53,0.95,74795.3
3852.78,0.61,0.95,77336.45
5016.67,0.3,0.95,56347.6
5016.67,0.38,0.95,57825.25
5016.67,0.46,0.95,60087.21
5016.67,0.53,0.95,62414.57
5016.67,0.61,0.95,66038.43
6180.56,0.3,0.95,48164.37
6180.56,0.38,0.95,49284.34
6180.56,0.46,0.95,51219.13
6180.56,0.53,0.95,53443.58
6180.56,0.61,0.95,56307.82
7344.44,0.3,0.95,40831.28
7344.44,0.38,0.95,41877.55
7344.44,0.46,0.95,43277.53
7344.44,0.53,0.95,45003.31
7344.44,0.61,0.95,47331.91
8508.33,0.3,0.95,34520.15
8508.33,0.38,0.95,35433.53
8508.33,0.46,0.95,36616.58
8508.33,0.53,0.95,38051.2
8508.33,0.61,0.95,40026.51
9672.22,0.3,0.95,29023.53
9672.22,0.38,0.95,29786.06
9672.22,0.46,0.95,30792.84
9672.22,0.53,0.95,32059.84
9672.22,0.61,0.95,33663.85
10836.11,0.3,0.95,24260.11
10836.11,0.38,0.95,24900.81
10836.11,0.46,0.95,25730.54
10836.11,0.53,0.95,26807.29
10836.11,0.61,0.95,28146.51
12000,0.3,0.95,20197.11
12000,0.38,0.95,20731
12000,0.46,0.95,21425.79
12000,0.53,0.95,22320.66
12000,0.61,0.95,23446.53
1525,0.34,0.95,89736.34
1525,0.42,0.95,93085.63
1525,0.49,0.95,97352.59
1525,0.57,0.95,104242.49
1525,0.65,0.95,106672.61
2688.89,0.34,0.95,77654.95
2688.89,0.42,0.95,80749.73
2688.89,0.49,0.95,83975.99
2688.89,0.57,0.95,90124.33
2688.89,0.65,0.95,97895.33
3852.78,0.34,0.95,66954.44
3852.78,0.42,0.95,69370.45
3852.78,0.49,0.95,72411.73
3852.78,0.57,0.95,77628.4
3852.78,0.65,0.95,79722.32
5016.67,0.34,0.95,57248.03
5016.67,0.42,0.95,58994.99
5016.67,0.49,0.95,61377.33
5016.67,0.57,0.95,64171.72
5016.67,0.65,0.95,74812.78
6180.56,0.34,0.95,48798.58
6180.56,0.42,0.95,50300.72
6180.56,0.49,0.95,52599.29
6180.56,0.57,0.95,54577.17
6180.56,0.65,0.95,58532.47
7344.44,0.34,0.95,41310.3
7344.44,0.42,0.95,42562.8
7344.44,0.49,0.95,44073.08
7344.44,0.57,0.95,45134.99
7344.44,0.65,0.95,48651.78
8508.33,0.34,0.95,34947.65
8508.33,0.42,0.95,35954.79
8508.33,0.49,0.95,37266.2
8508.33,0.57,0.95,39018.79
8508.33,0.65,0.95,41153.23
9672.22,0.34,0.95,29379.06
9672.22,0.42,0.95,30260.4
9672.22,0.49,0.95,31388.2
9672.22,0.57,0.95,32824.85
9672.22,0.65,0.95,34615.63
10836.11,0.34,0.95,24557.34
10836.11,0.42,0.95,25290.08
10836.11,0.49,0.95,26235.05
10836.11,0.57,0.95,27438.54
10836.11,0.65,0.95,28940.73
12000,0.34,0.95,20446.05
12000,0.42,0.95,21053.41
12000,0.49,0.95,21841.67
12000,0.57,0.95,22853.97
12000,0.65,0.95,24101.86
1525,0.3,0.96,87851.84
1525,0.38,0.96,90043.86
1525,0.46,0.96,92905.47
1525,0.53,0.96,96628.42
1525,0.61,0.96,101411.53
2688.89,0.3,0.96,76014.46
2688.89,0.38,0.96,77908.89
2688.89,0.46,0.96,80423.04
2688.89,0.53,0.96,83623.54
2688.89,0.61,0.96,87745.29
3852.78,0.3,0.96,65512.01
3852.78,0.38,0.96,67144.03
3852.78,0.46,0.96,69274.38
3852.78,0.53,0.96,72082.8
3852.78,0.61,0.96,75639.03
5016.67,0.3,0.96,56209.11
5016.67,0.38,0.96,57602.31
5016.67,0.46,0.96,59457.95
5016.67,0.53,0.96,61873.67
5016.67,0.61,0.96,64929.59
6180.56,0.3,0.96,48006.78
6180.56,0.38,0.96,49216.1
6180.56,0.46,0.96,50797.63
6180.56,0.53,0.96,52820.61
6180.56,0.61,0.96,55454.51
7344.44,0.3,0.96,40806.86
7344.44,0.38,0.96,41835.88
7344.44,0.46,0.96,43167.21
7344.44,0.53,0.96,44911.59
7344.44,0.61,0.96,47146.3
8508.33,0.3,0.96,34499.68
8508.33,0.38,0.96,35374.74
8508.33,0.46,0.96,36516.25
8508.33,0.53,0.96,37985.18
8508.33,0.61,0.96,39893.08
9672.22,0.3,0.96,29006.08
9672.22,0.38,0.96,29750.9
9672.22,0.46,0.96,30711.94
9672.22,0.53,0.96,31957.74
9672.22,0.61,0.96,33538.24
10836.11,0.3,0.96,24242.36
10836.11,0.38,0.96,24870.08
10836.11,0.46,0.96,25674.11
10836.11,0.53,0.96,26705.62
10836.11,0.61,0.96,28038.32
12000,0.3,0.96,20138.67
12000,0.38,0.96,20705.59
12000,0.46,0.96,21383.53
12000,0.53,0.96,22252.37
12000,0.61,0.96,23368.28
1525,0.34,0.96,88868.98
1525,0.42,0.96,91386.82
1525,0.49,0.96,94611.19
1525,0.57,0.96,98862.89
1525,0.65,0.96,104284.37
2688.89,0.34,0.96,76900.35
2688.89,0.42,0.96,79079.49
2688.89,0.49,0.96,81888.14
2688.89,0.57,0.96,85576.99
2688.89,0.65,0.96,90287.37
3852.78,0.34,0.96,66262.39
3852.78,0.42,0.96,68153.47
3852.78,0.49,0.96,70570.11
3852.78,0.57,0.96,73762.09
3852.78,0.65,0.96,77850.54
5016.67,0.34,0.96,56865.37
5016.67,0.42,0.96,58477.14
5016.67,0.49,0.96,60566.61
5016.67,0.57,0.96,63307.24
5016.67,0.65,0.96,66789.7
6180.56,0.34,0.96,48573.12
6180.56,0.42,0.96,49951.73
6180.56,0.49,0.96,51744.75
6180.56,0.57,0.96,54068.94
6180.56,0.65,0.96,57045.53
7344.44,0.34,0.96,41285.24
7344.44,0.42,0.96,42470.24
7344.44,0.49,0.96,43987.87
7344.44,0.57,0.96,45968.57
7344.44,0.65,0.96,48456.45
8508.33,0.34,0.96,34910.73
8508.33,0.42,0.96,35908.24
8508.33,0.49,0.96,37185.03
8508.33,0.57,0.96,38876.73
8508.33,0.65,0.96,40995.21
9672.22,0.34,0.96,29353.94
9672.22,0.42,0.96,30197.37
9672.22,0.49,0.96,31296.31
9672.22,0.57,0.96,32707.98
9672.22,0.65,0.96,34508.17
10836.11,0.34,0.96,24534.45
10836.11,0.42,0.96,25247.09
10836.11,0.49,0.96,26166.55
10836.11,0.57,0.96,27336.51
10836.11,0.65,0.96,28852.42
12000,0.34,0.96,20426.15
12000,0.42,0.96,21024.15
12000,0.49,0.96,21789.28
12000,0.57,0.96,22783.42
12000,0.65,0.96,24036.82
1525,0.3,0.97,87902.62
1525,0.38,0.97,90220.91
1525,0.46,0.97,93271.73
1525,0.53,0.97,97399.82
1525,0.61,0.97,102999.45
2688.89,0.3,0.97,76057.29
2688.89,0.38,0.97,78049.53
2688.89,0.46,0.97,80700.99
2688.89,0.53,0.97,84241.95
2688.89,0.61,0.97,89109.75
3852.78,0.3,0.97,65533.76
3852.78,0.38,0.97,67242.79
3852.78,0.46,0.97,69525.03
3852.78,0.53,0.97,72600.52
3852.78,0.61,0.97,76788.64
5016.67,0.3,0.97,56232.9
5016.67,0.38,0.97,57684.91
5016.67,0.46,0.97,59653.27
5016.67,0.53,0.97,62267.98
5016.67,0.61,0.97,65668.73
6180.56,0.3,0.97,48026.61
6180.56,0.38,0.97,49263.54
6180.56,0.46,0.97,50943.91
6180.56,0.53,0.97,53187.24
6180.56,0.61,0.97,56260.2
7344.44,0.3,0.97,40758.25
7344.44,0.38,0.97,41770.29
7344.44,0.46,0.97,43110.69
7344.44,0.53,0.97,44814.57
7344.44,0.61,0.97,47000.47
8508.33,0.3,0.97,34446.26
8508.33,0.38,0.97,35315.42
8508.33,0.46,0.97,36433.04
8508.33,0.53,0.97,37861.5
8508.33,0.61,0.97,39787.87
9672.22,0.3,0.97,28983.64
9672.22,0.38,0.97,29689.48
9672.22,0.46,0.97,30635.68
9672.22,0.53,0.97,31851.75
9672.22,0.61,0.97,33418.87
10836.11,0.3,0.97,24230.96
10836.11,0.38,0.97,24831.51
10836.11,0.46,0.97,25611.68
10836.11,0.53,0.97,26622.78
10836.11,0.61,0.97,27936.53
12000,0.3,0.97,20180.61
12000,0.38,0.97,20687.51
12000,0.46,0.97,21329.46
12000,0.53,0.97,22171.7
12000,0.61,0.97,23273.01
1525,0.34,0.97,88975.53
1525,0.42,0.97,91654.32
1525,0.49,0.97,95163.07
1525,0.57,0.97,99904.92
1525,0.65,0.97,106148.87
2688.89,0.34,0.97,76980.04
2688.89,0.42,0.97,79265.85
2688.89,0.49,0.97,82327.05
2688.89,0.57,0.97,86425.54
2688.89,0.65,0.97,91848.66
3852.78,0.34,0.97,66317.67
3852.78,0.42,0.97,68310.17
3852.78,0.49,0.97,70942.65
3852.78,0.57,0.97,74491.11
3852.78,0.65,0.97,79174.6
5016.67,0.34,0.97,56901.14
5016.67,0.42,0.97,58602.89
5016.67,0.49,0.97,60879.74
5016.67,0.57,0.97,63953.63
5016.67,0.65,0.97,67898.27
6180.56,0.34,0.97,48596.51
6180.56,0.42,0.97,50031.36
6180.56,0.49,0.97,51998.72
6180.56,0.57,0.97,54599.9
6180.56,0.65,0.97,57981.96
7344.44,0.34,0.97,41220.63
7344.44,0.42,0.97,42409.81
7344.44,0.49,0.97,43902.64
7344.44,0.57,0.97,45965.25
7344.44,0.65,0.97,48367.53
8508.33,0.34,0.97,34842.9
8508.33,0.42,0.97,35845.63
8508.33,0.49,0.97,37104.48
8508.33,0.57,0.97,38777.04
8508.33,0.65,0.97,40897.71
9672.22,0.34,0.97,29320.16
9672.22,0.42,0.97,30130.6
9672.22,0.49,0.97,31203.06
9672.22,0.57,0.97,32600.85
9672.22,0.65,0.97,34369.03
10836.11,0.34,0.97,24514.06
10836.11,0.42,0.97,25189.7
10836.11,0.49,0.97,26081.02
10836.11,0.57,0.97,27242.57
10836.11,0.65,0.97,28709.49
12000,0.34,0.97,20415.07
12000,0.42,0.97,20993.09
12000,0.49,0.97,21726.05
12000,0.57,0.97,22687.67
12000,0.65,0.97,23926.17
1525,0.3,0.98,87553.55
1525,0.38,0.98,90004.28
1525,0.46,0.98,93001.47
1525,0.53,0.98,96905.8
1525,0.61,0.98,101833.1
2688.89,0.3,0.98,75545.85
2688.89,0.38,0.98,77834.09
2688.89,0.46,0.98,80613.71
2688.89,0.53,0.98,83647.25
2688.89,0.61,0.98,88316.98
3852.78,0.3,0.98,65494.38
3852.78,0.38,0.98,67545.32
3852.78,0.46,0.98,69204.95
3852.78,0.53,0.98,71967.91
3852.78,0.61,0.98,76423.25
5016.67,0.3,0.98,56341.07
5016.67,0.38,0.98,57639.71
5016.67,0.46,0.98,59036.43
5016.67,0.53,0.98,61664.35
5016.67,0.61,0.98,65670.78
6180.56,0.3,0.98,48082.59
6180.56,0.38,0.98,49305.56
6180.56,0.46,0.98,51026.39
6180.56,0.53,0.98,53287.13
6180.56,0.61,0.98,55804.72
7344.44,0.3,0.98,40785.72
7344.44,0.38,0.98,41835.17
7344.44,0.46,0.98,43174.22
7344.44,0.53,0.98,44911.42
7344.44,0.61,0.98,47076.72
8508.33,0.3,0.98,34480.29
8508.33,0.38,0.98,35356.03
8508.33,0.46,0.98,36497.24
8508.33,0.53,0.98,37923.45
8508.33,0.61,0.98,39762.4
9672.22,0.3,0.98,28982.9
9672.22,0.38,0.98,29736.35
9672.22,0.46,0.98,30690.91
9672.22,0.53,0.98,31899.92
9672.22,0.61,0.98,33426.64
10836.11,0.3,0.98,24224.99
10836.11,0.38,0.98,24850.64
10836.11,0.46,0.98,25637.34
10836.11,0.53,0.98,26677.22
10836.11,0.61,0.98,27956.03
12000,0.3,0.98,20172.77
12000,0.38,0.98,20681.79
12000,0.46,0.98,21359.87
12000,0.53,0.98,22216.96
12000,0.61,0.98,23271.1
1525,0.34,0.98,89354.15
1525,0.42,0.98,91206.51
1525,0.49,0.98,95206.7
1525,0.57,0.98,99761.24
1525,0.65,0.98,104924.4
2688.89,0.34,0.98,76494.52
2688.89,0.42,0.98,79365.41
2688.89,0.49,0.98,82213.16
2688.89,0.57,0.98,85685.02
2688.89,0.65,0.98,90540.48
3852.78,0.34,0.98,66830.88
3852.78,0.42,0.98,68679.01
3852.78,0.49,0.98,70137.56
3852.78,0.57,0.98,73805.44
3852.78,0.65,0.98,78068.95
5016.67,0.34,0.98,56810.68
5016.67,0.42,0.98,59072.62
5016.67,0.49,0.98,60079.04
5016.67,0.57,0.98,64090.93
5016.67,0.65,0.98,67740.16
6180.56,0.34,0.98,48178.29
6180.56,0.42,0.98,50505.18
6180.56,0.49,0.98,51476.43
6180.56,0.57,0.98,53884.03
6180.56,0.65,0.98,57458.2
7344.44,0.34,0.98,41261.27
7344.44,0.42,0.98,42468.78
7344.44,0.49,0.98,43983.5
7344.44,0.57,0.98,45895.52
7344.44,0.65,0.98,48386.57
8508.33,0.34,0.98,34888.2
8508.33,0.42,0.98,35909.26
8508.33,0.49,0.98,37169.57
8508.33,0.57,0.98,38787.52
8508.33,0.65,0.98,40827.07
9672.22,0.34,0.98,29335.35
9672.22,0.42,0.98,30177.03
9672.22,0.49,0.98,31264.86
9672.22,0.57,0.98,32615.37
9672.22,0.65,0.98,34352.07
10836.11,0.34,0.98,24514.34
10836.11,0.42,0.98,25217.69
10836.11,0.49,0.98,26126.41
10836.11,0.57,0.98,27281.93
10836.11,0.65,0.98,28720.37
12000,0.34,0.98,20411.29
12000,0.42,0.98,21004.32
12000,0.49,0.98,21769.58
12000,0.57,0.98,22723.84
12000,0.65,0.98,23923.14
1525,0.3,0.99,87794.48
1525,0.38,0.99,89727.65
1525,0.46,0.99,92733.22
1525,0.53,0.99,96337.77
1525,0.61,0.99,101160.65
2688.89,0.3,0.99,76040.42
2688.89,0.38,0.99,77984.66
2688.89,0.46,0.99,80166.43
2688.89,0.53,0.99,83402.55
2688.89,0.61,0.99,87510.2
3852.78,0.3,0.99,65537
3852.78,0.38,0.99,67067.85
3852.78,0.46,0.99,69062.87
3852.78,0.53,0.99,71773.3
3852.78,0.61,0.99,75377.85
5016.67,0.3,0.99,56329.25
5016.67,0.38,0.99,57418.52
5016.67,0.46,0.99,59365.59
5016.67,0.53,0.99,61548.72
5016.67,0.61,0.99,64728.84
6180.56,0.3,0.99,48004.57
6180.56,0.38,0.99,49049.58
6180.56,0.46,0.99,50684.88
6180.56,0.53,0.99,52491.01
6180.56,0.61,0.99,55279.24
7344.44,0.3,0.99,40739.87
7344.44,0.38,0.99,41749.85
7344.44,0.46,0.99,43066.98
7344.44,0.53,0.99,44775.51
7344.44,0.61,0.99,46878.7
8508.33,0.3,0.99,34445.4
8508.33,0.38,0.99,35339.07
8508.33,0.46,0.99,36461.36
8508.33,0.53,0.99,37860.35
8508.33,0.61,0.99,39820.01
9672.22,0.3,0.99,29022.27
9672.22,0.38,0.99,29756.78
9672.22,0.46,0.99,30696.11
9672.22,0.53,0.99,31845.32
9672.22,0.61,0.99,33340.65
10836.11,0.3,0.99,23904.8
10836.11,0.38,0.99,24809.32
10836.11,0.46,0.99,25727.33
10836.11,0.53,0.99,26213.21
10836.11,0.61,0.99,27797.6
12000,0.3,0.99,20153.51
12000,0.38,0.99,20654.66
12000,0.46,0.99,21306.44
12000,0.53,0.99,22138.08
12000,0.61,0.99,23218.26
1525,0.34,0.99,88674.77
1525,0.42,0.99,91360.7
1525,0.49,0.99,94368.34
1525,0.57,0.99,98607.55
1525,0.65,0.99,103835.95
2688.89,0.34,0.99,76785
2688.89,0.42,0.99,78912.98
2688.89,0.49,0.99,81683.28
2688.89,0.57,0.99,85320.5
2688.89,0.65,0.99,89662.31
3852.78,0.34,0.99,66200.08
3852.78,0.42,0.99,67981.85
3852.78,0.49,0.99,70368.48
3852.78,0.57,0.99,73651.78
3852.78,0.65,0.99,77457.29
5016.67,0.34,0.99,56886.23
5016.67,0.42,0.99,58346.35
5016.67,0.49,0.99,60304.33
5016.67,0.57,0.99,63098.23
5016.67,0.65,0.99,66472.05
6180.56,0.34,0.99,48472.07
6180.56,0.42,0.99,49919.01
6180.56,0.49,0.99,51780.14
6180.56,0.57,0.99,53782.15
6180.56,0.65,0.99,56916.44
7344.44,0.34,0.99,41249.77
7344.44,0.42,0.99,42390.76
7344.44,0.49,0.99,43760.19
7344.44,0.57,0.99,45769.31
7344.44,0.65,0.99,48340.15
8508.33,0.34,0.99,34814.53
8508.33,0.42,0.99,35808.59
8508.33,0.49,0.99,37115.74
8508.33,0.57,0.99,38750.4
8508.33,0.65,0.99,40584.27
9672.22,0.34,0.99,29290.39
9672.22,0.42,0.99,30054.74
9672.22,0.49,0.99,31542.28
9672.22,0.57,0.99,32546.54
9672.22,0.65,0.99,34278.81
10836.11,0.34,0.99,24485.18
10836.11,0.42,0.99,25169.35
10836.11,0.49,0.99,26134.05
10836.11,0.57,0.99,27266.61
10836.11,0.65,0.99,28935.54
12000,0.34,0.99,20387.13
12000,0.42,0.99,20960.76
12000,0.49,0.99,21703.13
12000,0.57,0.99,22653.95
12000,0.65,0.99,23383.72
