1525.00	0.34	0	92439.33
1525.00	0.42	0	96909.97
1525.00	0.49	0	102776.35
1525.00	0.57	0	110073.73
1525.00	0.65	0	118619.83
2688.89	0.34	0	79973.16
2688.89	0.42	0	83845.43
2688.89	0.49	0	88915.06
2688.89	0.57	0	95230.54
2688.89	0.65	0	102627.9
3852.78	0.34	0	68905.88
3852.78	0.42	0	72245.38
3852.78	0.49	0	76612.22
3852.78	0.57	0	82048.19
3852.78	0.65	0	88440.82
5016.67	0.34	0	59113.79
5016.67	0.42	0	61979.12
5016.67	0.49	0	65725.84
5016.67	0.57	0	70396.57
5016.67	0.65	0	75891.75
6180.56	0.34	0	50477.15
6180.56	0.42	0	52924.17
6180.56	0.49	0	56111.94
6180.56	0.57	0	60115.79
6180.56	0.65	0	64834.12
7344.44	0.34	0	42981.47
7344.44	0.42	0	45097.11
7344.44	0.49	0	47821.04
7344.44	0.57	0	51137.46
7344.44	0.65	0	55241.39
8508.33	0.34	0	36334.93
8508.33	0.42	0	38124.2
8508.33	0.49	0	40425.79
8508.33	0.57	0	43231.28
8508.33	0.65	0	46708.48
9672.22	0.34	0	30545.64
9672.22	0.42	0	32051.19
9672.22	0.49	0	33989.35
9672.22	0.57	0	36349.3
9672.22	0.65	0	39263.27
10836.11	0.34	0	25525.75
10836.11	0.42	0	26785.94
10836.11	0.49	0	28406.96
10836.11	0.57	0	30380.48
10836.11	0.65	0	32818.77
12000.00	0.34	0	21248.69
12000.00	0.42	0	22297.42
12000.00	0.49	0	23648.3
12000.00	0.57	0	25291.44
12000.00	0.65	0	27333.92
1525.00	0.34	0.75	89933.59
1525.00	0.42	0.75	93003.71
1525.00	0.49	0.75	96893.94
1525.00	0.57	0.75	101881.55
1525.00	0.65	0.75	108064.37
2688.89	0.34	0.75	77805.59
2688.89	0.42	0.75	80468.61
2688.89	0.49	0.75	83855.48
2688.89	0.57	0.75	88165.12
2688.89	0.65	0.75	93514.06
3852.78	0.34	0.75	67041.02
3852.78	0.42	0.75	69331.87
3852.78	0.49	0.75	72256.99
3852.78	0.57	0.75	75975.01
3852.78	0.65	0.75	80600.36
5016.67	0.34	0.75	57515.53
5016.67	0.42	0.75	59488.28
5016.67	0.49	0.75	62009.01
5016.67	0.57	0.75	65202.11
5016.67	0.65	0.75	69167.99
6180.56	0.34	0.75	49118.7
6180.56	0.42	0.75	50806.16
6180.56	0.49	0.75	52939.59
6180.56	0.57	0.75	55675.49
6180.56	0.65	0.75	59082.48
7344.44	0.34	0.75	41724.15
7344.44	0.42	0.75	43152.87
7344.44	0.49	0.75	44005.27
7344.44	0.57	0.75	47342.4
7344.44	0.65	0.75	50256.67
8508.33	0.34	0.75	35275.6
8508.33	0.42	0.75	36502.45
8508.33	0.49	0.75	38054.78
8508.33	0.57	0.75	40009.84
8508.33	0.65	0.75	42459.16
9672.22	0.34	0.75	29656.14
9672.22	0.42	0.75	30681.14
9672.22	0.49	0.75	31996.03
9672.22	0.57	0.75	33661.03
9672.22	0.65	0.75	35683.36
10836.11	0.34	0.75	24791.58
10836.11	0.42	0.75	25647.29
10836.11	0.49	0.75	26736.77
10836.11	0.57	0.75	28121.12
10836.11	0.65	0.75	29826.37
12000.00	0.34	0.75	20642.56
12000.00	0.42	0.75	21352.4
12000.00	0.49	0.75	22253.02
12000.00	0.57	0.75	23402.27
12000.00	0.65	0.75	24832.15
1525.00	0.34	0.80	89740
1525.00	0.42	0.80	92710
1525.00	0.49	0.80	96520
1525.00	0.57	0.80	101300
1525.00	0.65	0.80	107500
2688.89	0.34	0.80	77740
2688.89	0.42	0.80	80350
2688.89	0.49	0.80	83710
2688.89	0.57	0.80	87990
2688.89	0.65	0.80	93420
3852.78	0.34	0.80	66990
3852.78	0.42	0.80	69250
3852.78	0.49	0.80	72160
3852.78	0.57	0.80	75860
3852.78	0.65	0.80	80600
5016.67	0.34	0.80	57490
5016.67	0.42	0.80	59430
5016.67	0.49	0.80	61930
5016.67	0.57	0.80	65120
5016.67	0.65	0.80	69160
6180.56	0.34	0.80	49120
6180.56	0.42	0.80	50780
6180.56	0.49	0.80	52910
6180.56	0.57	0.80	55650
6180.56	0.65	0.80	59180
7344.44	0.34	0.80	41627.38
7344.44	0.42	0.80	43027.75
7344.44	0.49	0.80	44780.74
7344.44	0.57	0.80	47015.04
7344.44	0.65	0.80	49901.87
8508.33	0.34	0.80	35190.32
8508.33	0.42	0.80	36366.73
8508.33	0.49	0.80	37858.81
8508.33	0.57	0.80	39754.18
8508.33	0.65	0.80	42184.52
9672.22	0.34	0.80	29583.19
9672.22	0.42	0.80	30573.48
9672.22	0.49	0.80	31833.94
9672.22	0.57	0.80	33439.8
9672.22	0.65	0.80	35486.32
10836.11	0.34	0.80	24723.61
10836.11	0.42	0.80	25553.19
10836.11	0.49	0.80	26609.67
10836.11	0.57	0.80	27947.4
10836.11	0.65	0.80	29653.64
12000.00	0.34	0.80	20581.74
12000.00	0.42	0.80	21270.72
12000.00	0.49	0.80	22153.57
12000.00	0.57	0.80	23270.02
12000.00	0.65	0.80	24690.35
1525.00	0.34	0.85	89751.00
1525.00	0.42	0.85	92800.73
1525.00	0.49	0.85	96697.75
1525.00	0.57	0.85	101700.99
1525.00	0.65	0.85	107897.72
2688.89	0.34	0.85	77642.18
2688.89	0.42	0.85	80274.19
2688.89	0.49	0.85	83654.46
2688.89	0.57	0.85	88014.17
2688.89	0.65	0.85	93401.00
3852.78	0.34	0.85	66882.24
3852.78	0.42	0.85	69162.69
3852.78	0.49	0.85	72077.38
3852.78	0.57	0.85	75778.71
3852.78	0.65	0.85	80468.42
5016.67	0.34	0.85	57374.72
5016.67	0.42	0.85	59326.89
5016.67	0.49	0.85	61832.04
5016.67	0.57	0.85	65021.83
5016.67	0.65	0.85	69053.38
6180.56	0.34	0.85	48993.67
6180.56	0.42	0.85	50646.57
6180.56	0.49	0.85	52792.86
6180.56	0.57	0.85	55559.59
6180.56	0.65	0.85	58961.12
7344.44	0.34	0.85	41629.33
7344.44	0.42	0.85	43026.61
7344.44	0.49	0.85	44480.99
7344.44	0.57	0.85	47163.38
7344.44	0.65	0.85	50080.04
8508.33	0.34	0.85	35190.93
8508.33	0.42	0.85	36372.13
8508.33	0.49	0.85	37904.96
8508.33	0.57	0.85	39850.38
8508.33	0.65	0.85	42360.21
9672.22	0.34	0.85	29586.75
9672.22	0.42	0.85	30576.11
9672.22	0.49	0.85	31859.53
9672.22	0.57	0.85	33501.62
9672.22	0.65	0.85	35872.90
10836.11	0.34	0.85	24734.98
10836.11	0.42	0.85	25574.83
10836.11	0.49	0.85	26673.70
10836.11	0.57	0.85	28141.66
10836.11	0.65	0.85	29994.86
12000.00	0.34	0.85	20584.41
12000.00	0.42	0.85	21278.07
12000.00	0.49	0.85	22170.49
12000.00	0.57	0.85	23328.84
12000.00	0.65	0.85	24767.44
1525.00	0.34	0.90	89450.61
1525.00	0.42	0.90	92233.48
1525.00	0.49	0.90	95927.63
1525.00	0.57	0.90	100637.07
1525.00	0.65	0.90	106334.69
2688.89	0.34	0.90	77420.52
2688.89	0.42	0.90	79843.04
2688.89	0.49	0.90	82951.06
2688.89	0.57	0.90	87104.79
2688.89	0.65	0.90	92078.90
3852.78	0.34	0.90	66703.85
3852.78	0.42	0.90	68820.49
3852.78	0.49	0.90	71524.50
3852.78	0.57	0.90	75023.45
3852.78	0.65	0.90	79287.55
5016.67	0.34	0.90	57224.00
5016.67	0.42	0.90	59034.97
5016.67	0.49	0.90	61367.76
5016.67	0.57	0.90	64386.37
5016.67	0.65	0.90	68058.67
6180.56	0.34	0.90	48868.42
6180.56	0.42	0.90	50420.40
6180.56	0.49	0.90	52414.35
6180.56	0.57	0.90	54967.63
6180.56	0.65	0.90	58106.12
7344.44	0.34	0.90	41497.52
7344.44	0.42	0.90	42801.56
7344.44	0.49	0.90	44479.56
7344.44	0.57	0.90	46619.23
7344.44	0.65	0.90	49242.64
8508.33	0.34	0.90	35082.80
8508.33	0.42	0.90	36188.14
8508.33	0.49	0.90	37613.96
8508.33	0.57	0.90	39419.54
8508.33	0.65	0.90	41643.30
9672.22	0.34	0.90	29496.44
9672.22	0.42	0.90	30424.76
9672.22	0.49	0.90	31620.15
9672.22	0.57	0.90	33139.56
9672.22	0.65	0.90	35022.73
10836.11	0.34	0.90	24654.65
10836.11	0.42	0.90	25431.29
10836.11	0.49	0.90	26436.54
10836.11	0.57	0.90	27695.79
10836.11	0.65	0.90	29286.95
12000.00	0.34	0.90	20529.00
12000.00	0.42	0.90	21175.55
12000.00	0.49	0.90	22008.05
12000.00	0.57	0.90	23071.72
12000.00	0.65	0.90	24386.55
1525.00	0.34	0.95	89736.34
1525.00	0.42	0.95	93085.63
1525.00	0.49	0.95	97352.59
1525.00	0.57	0.95	104242.49
1525.00	0.65	0.95	106672.61
2688.89	0.34	0.95	77654.95
2688.89	0.42	0.95	80749.73
2688.89	0.49	0.95	83975.99
2688.89	0.57	0.95	90124.33
2688.89	0.65	0.95	97895.33
3852.78	0.34	0.95	66954.44
3852.78	0.42	0.95	69370.45
3852.78	0.49	0.95	72411.73
3852.78	0.57	0.95	77628.40
3852.78	0.65	0.95	79722.32
5016.67	0.34	0.95	57248.03
5016.67	0.42	0.95	58994.99
5016.67	0.49	0.95	61377.33
5016.67	0.57	0.95	64171.72
5016.67	0.65	0.95	74812.78
6180.56	0.34	0.95	48798.58
6180.56	0.42	0.95	50300.72
6180.56	0.49	0.95	52599.29
6180.56	0.57	0.95	54577.17
6180.56	0.65	0.95	58532.47
7344.44	0.34	0.95	41310.30
7344.44	0.42	0.95	42562.80
7344.44	0.49	0.95	44073.08
7344.44	0.57	0.95	45134.99
7344.44	0.65	0.95	48651.78
8508.33	0.34	0.95	34947.65
8508.33	0.42	0.95	35954.79
8508.33	0.49	0.95	37266.20
8508.33	0.57	0.95	39018.79
8508.33	0.65	0.95	41153.23
9672.22	0.34	0.95	29379.06
9672.22	0.42	0.95	30260.40
9672.22	0.49	0.95	31388.20
9672.22	0.57	0.95	32824.85
9672.22	0.65	0.95	34615.63
10836.11	0.34	0.95	24557.34
10836.11	0.42	0.95	25290.08
10836.11	0.49	0.95	26235.05
10836.11	0.57	0.95	27438.54
10836.11	0.65	0.95	28940.73
12000.00	0.34	0.95	20446.05
12000.00	0.42	0.95	21053.41
12000.00	0.49	0.95	21841.67
12000.00	0.57	0.95	22853.97
12000.00	0.65	0.95	24101.86
1525.00	0.34	0.96	88868.98
1525.00	0.42	0.96	91386.82
1525.00	0.49	0.96	94611.19
1525.00	0.57	0.96	98862.89
1525.00	0.65	0.96	104284.37
2688.89	0.34	0.96	76900.35
2688.89	0.42	0.96	79079.49
2688.89	0.49	0.96	81888.14
2688.89	0.57	0.96	85576.99
2688.89	0.65	0.96	90287.37
3852.78	0.34	0.96	66262.39
3852.78	0.42	0.96	68153.47
3852.78	0.49	0.96	70570.11
3852.78	0.57	0.96	73762.09
3852.78	0.65	0.96	77850.54
5016.67	0.34	0.96	56865.37
5016.67	0.42	0.96	58477.14
5016.67	0.49	0.96	60566.61
5016.67	0.57	0.96	63307.24
5016.67	0.65	0.96	66789.70
6180.56	0.34	0.96	48573.12
6180.56	0.42	0.96	49951.73
6180.56	0.49	0.96	51744.75
6180.56	0.57	0.96	54068.94
6180.56	0.65	0.96	57045.53
7344.44	0.34	0.96	41285.24
7344.44	0.42	0.96	42470.24
7344.44	0.49	0.96	43987.87
7344.44	0.57	0.96	45968.57
7344.44	0.65	0.96	48456.45
8508.33	0.34	0.96	34910.73
8508.33	0.42	0.96	35908.24
8508.33	0.49	0.96	37185.03
8508.33	0.57	0.96	38876.73
8508.33	0.65	0.96	40995.21
9672.22	0.34	0.96	29353.94
9672.22	0.42	0.96	30197.37
9672.22	0.49	0.96	31296.31
9672.22	0.57	0.96	32707.98
9672.22	0.65	0.96	34508.17
10836.11	0.34	0.96	24534.45
10836.11	0.42	0.96	25247.09
10836.11	0.49	0.96	26166.55
10836.11	0.57	0.96	27336.51
10836.11	0.65	0.96	28852.42
12000.00	0.34	0.96	20426.15
12000.00	0.42	0.96	21024.15
12000.00	0.49	0.96	21789.28
12000.00	0.57	0.96	22783.42
12000.00	0.65	0.96	24036.82
1525.00	0.34	0.97	88975.53
1525.00	0.42	0.97	91654.32
1525.00	0.49	0.97	95163.07
1525.00	0.57	0.97	99904.92
1525.00	0.65	0.97	106148.87
2688.89	0.34	0.97	76980.04
2688.89	0.42	0.97	79265.85
2688.89	0.49	0.97	82327.05
2688.89	0.57	0.97	86425.54
2688.89	0.65	0.97	91848.66
3852.78	0.34	0.97	66317.67
3852.78	0.42	0.97	68310.17
3852.78	0.49	0.97	70942.65
3852.78	0.57	0.97	74491.11
3852.78	0.65	0.97	79174.60
5016.67	0.34	0.97	56901.14
5016.67	0.42	0.97	58602.89
5016.67	0.49	0.97	60879.74
5016.67	0.57	0.97	63953.63
5016.67	0.65	0.97	67898.27
6180.56	0.34	0.97	48596.51
6180.56	0.42	0.97	50031.36
6180.56	0.49	0.97	51998.72
6180.56	0.57	0.97	54599.90
6180.56	0.65	0.97	57981.96
7344.44	0.34	0.97	41220.63
7344.44	0.42	0.97	42409.81
7344.44	0.49	0.97	43902.64
7344.44	0.57	0.97	45965.25
7344.44	0.65	0.97	48367.53
8508.33	0.34	0.97	34842.90
8508.33	0.42	0.97	35845.63
8508.33	0.49	0.97	37104.48
8508.33	0.57	0.97	38777.04
8508.33	0.65	0.97	40897.71
9672.22	0.34	0.97	29320.16
9672.22	0.42	0.97	30130.60
9672.22	0.49	0.97	31203.06
9672.22	0.57	0.97	32600.85
9672.22	0.65	0.97	34369.03
10836.11	0.34	0.97	24514.06
10836.11	0.42	0.97	25189.70
10836.11	0.49	0.97	26081.02
10836.11	0.57	0.97	27242.57
10836.11	0.65	0.97	28709.49
12000.00	0.34	0.97	20415.07
12000.00	0.42	0.97	20993.09
12000.00	0.49	0.97	21726.05
12000.00	0.57	0.97	22687.67
12000.00	0.65	0.97	23926.17
1525.00	0.34	0.98	89354.15
1525.00	0.42	0.98	91206.51
1525.00	0.49	0.98	95206.70
1525.00	0.57	0.98	99761.24
1525.00	0.65	0.98	104924.40
2688.89	0.34	0.98	76494.52
2688.89	0.42	0.98	79365.41
2688.89	0.49	0.98	82213.16
2688.89	0.57	0.98	85685.02
2688.89	0.65	0.98	90540.48
3852.78	0.34	0.98	66830.88
3852.78	0.42	0.98	68679.01
3852.78	0.49	0.98	70137.56
3852.78	0.57	0.98	73805.44
3852.78	0.65	0.98	78068.95
5016.67	0.34	0.98	56810.68
5016.67	0.42	0.98	59072.62
5016.67	0.49	0.98	60079.04
5016.67	0.57	0.98	64090.93
5016.67	0.65	0.98	67740.16
6180.56	0.34	0.98	48178.29
6180.56	0.42	0.98	50505.18
6180.56	0.49	0.98	51476.43
6180.56	0.57	0.98	53884.03
6180.56	0.65	0.98	57458.20
7344.44	0.34	0.98	41261.27
7344.44	0.42	0.98	42468.78
7344.44	0.49	0.98	43983.50
7344.44	0.57	0.98	45895.52
7344.44	0.65	0.98	48386.57
8508.33	0.34	0.98	34888.20
8508.33	0.42	0.98	35909.26
8508.33	0.49	0.98	37169.57
8508.33	0.57	0.98	38787.52
8508.33	0.65	0.98	40827.07
9672.22	0.34	0.98	29335.35
9672.22	0.42	0.98	30177.03
9672.22	0.49	0.98	31264.86
9672.22	0.57	0.98	32615.37
9672.22	0.65	0.98	34352.07
10836.11	0.34	0.98	24514.34
10836.11	0.42	0.98	25217.69
10836.11	0.49	0.98	26126.41
10836.11	0.57	0.98	27281.93
10836.11	0.65	0.98	28720.37
12000.00	0.34	0.98	20411.29
12000.00	0.42	0.98	21004.32
12000.00	0.49	0.98	21769.58
12000.00	0.57	0.98	22723.84
12000.00	0.65	0.98	23923.14
1525.00	0.34	0.99	88674.77
1525.00	0.42	0.99	91360.70
1525.00	0.49	0.99	94368.34
1525.00	0.57	0.99	98607.55
1525.00	0.65	0.99	103835.95
2688.89	0.34	0.99	76785.00
2688.89	0.42	0.99	78912.98
2688.89	0.49	0.99	81683.28
2688.89	0.57	0.99	85320.50
2688.89	0.65	0.99	89662.31
3852.78	0.34	0.99	66200.08
3852.78	0.42	0.99	67981.85
3852.78	0.49	0.99	70368.48
3852.78	0.57	0.99	73651.78
3852.78	0.65	0.99	77457.29
5016.67	0.34	0.99	56886.23
5016.67	0.42	0.99	58346.35
5016.67	0.49	0.99	60304.33
5016.67	0.57	0.99	63098.23
5016.67	0.65	0.99	66472.05
6180.56	0.34	0.99	48472.07
6180.56	0.42	0.99	49919.01
6180.56	0.49	0.99	51780.14
6180.56	0.57	0.99	53782.15
6180.56	0.65	0.99	56916.44
7344.44	0.34	0.99	41249.77
7344.44	0.42	0.99	42390.76
7344.44	0.49	0.99	43760.19
7344.44	0.57	0.99	45769.31
7344.44	0.65	0.99	48340.15
8508.33	0.34	0.99	34814.53
8508.33	0.42	0.99	35808.59
8508.33	0.49	0.99	37115.74
8508.33	0.57	0.99	38750.40
8508.33	0.65	0.99	40584.27
9672.22	0.34	0.99	29290.39
9672.22	0.42	0.99	30054.74
9672.22	0.49	0.99	31542.28
9672.22	0.57	0.99	32546.54
9672.22	0.65	0.99	34278.81
10836.11	0.34	0.99	24485.18
10836.11	0.42	0.99	25169.35
10836.11	0.49	0.99	26134.05
10836.11	0.57	0.99	27266.61
10836.11	0.65	0.99	28935.54
12000.00	0.34	0.99	20387.13
12000.00	0.42	0.99	20960.76
12000.00	0.49	0.99	21703.13
12000.00	0.57	0.99	22653.95
12000.00	0.65	0.99	23383.72
